4509
8038
6488
3913
4437
6420
7711
8082
5553
4553
4742
3466
1705
8404
4975
8672
1344
5757
6754
4527
3442
3998
6863
1762
5541
8491
5726
2143
7779
823
3303
3666
5391
4568
6304
2183
5648
4420
4307
6067
8558
2372
6405
1604
2869
3620
1537
3477
2526
4098
7140
3794
8950
5462
2064
6153
6061
4585
7284
3934
1865
4506
7900
4717
5413
4778
4246
7601
6886
5051
4569
1948
7997
7364
7110
8152
4202
3700
7740
2280
3761
7695
1955
4843
4054
7108
8406
6601
6498
7729
2778
4182
5534
5518
4041
3594
5901
5376
7064
5942
5490
3841
5165
3867
3717
2749
5130
7514
7063
4572
6283
5900
3795
6710
2336
4544
3612
7161
1310
8657
6274
2386
2694
2858
2011
8283
7634
5215
4733
4026
5209
7365
3825
1030
5606
6617
4532
5514
5640
2899
3524
4013
5817
2272
937
8609
6571
6064
1764
3922
7488
1862
2014
2418
4262
3995
6501
5134
2821
6385
4359
3427
8730
6555
1778
6874
4929
9116
4135
6806
4122
1697
5574
6708
3564
5748
2318
7859
7134
3119
5633
3017
8854
8311
5776
6862
4614
2277
1005
5850
4099
3778
7608
7533
6566
7398
5690
4410
2366
2194
7218
1173
3820
4867
4898
8481
6024
5009
6898
4519
3869
3810
2673
8917
5209
762
9060
3587
4688
6786
6804
8185
5509
5798
2277
2376
7822
5873
4732
2999
8607
4732
7145
3919
3623
7291
5380
6487
5633
3194
8019
3432
2524
4370
6412
6796
3809
7859
6634
5909
6237
5392
2004
5156
8170
4478
4430
5606
6185
4687
6566
7201
5440
1276
7041
6191
6234
3764
4945
5441
8626
1693
5911
3597
2368
2506
6434
4776
6414
1426
7125
2972
4308
6211
9465
4777
3087
744
3779
7278
4307
8780
4754
6020
1653
1883
5376
6253
7970
4919
8200
1180
6416
3036
1169
2542
3448
5971
6395
7166
7641
1840
8294
1826
9542
5533
5647
7701
9047
8882
7497
4440
4235
5005
5252
8390
8247
6982
9438
4535
1415
5869
6186
3353
6412
7561
3651
6558
6960
211
6644
3813
8291
3137
7200
5787
2610
8384
5066
8953
4453
6390
1462
5823
2225
4176
2814
4065
1380
7610
7918
3734
6290
5229
2307
4976
6013
7479
5775
9457
4709
3875
4846
4866
4610
2982
3737
4688
6886
3843
4423
2187
3723
4886
2924
8280
6649
1376
4639
7949
6527
5565
4513
7792
2165
4870
8091
8148
4680
5957
3584
3178
3854
4323
4429
5321
1706
3366
8575
1040
4591
5193
2467
9750
1662
3176
6176
6510
5686
3787
2094
3586
6993
6396
6814
4482
5467
4952
5905
4584
4973
5659
3037
7374
5719
3834
5036
6634
4198
8324
6444
5208
7808
2922
2603
4510
6282
6578
6076
8306
3963
3025
6897
8133
7637
6479
3818
8795
1134
8189
5516
1866
7782
7900
6804
7719
6296
5111
7761
9454
1105
4868
6613
5466
7134
7740
3441
5959
1842
6792
4211
6045
6192
3111
6170
7713
5183
4281
395
4013
5793
1104
3539
914
4208
5466
6811
5581
6768
5520