4509
8038
6488
3913
4437
6420
7711
8082
5553
4553
4742
3466
1705
8404
4975
8672
1344
5757
6754
4527
3442
3998
6863
1762
5541
8491
5726
2143
7779
823
3303
3666
5391
4568
6304
2183
5648
4420
4307
6067
8558
2372
6405
1604
2869
3620
1537
3477
2526
4098
7140
3794
8950
5462
2064
6153
6061
4585
7284
3934
1865
4506
7900
4717
5413
4778
4246
7601
6886
5051
4569
1948
7997
7364
7110
8152
4202
3700
7740
2280
3761
7695
1955
4843
4054
7108
8406
6601
6498
7729
2778
4182
5534
5518
4041
3594
5901
5376
7064
5942
5490
3841
5165
3867
3717
2749
5130
7514
7063
4572
6283
5900
3795
6710
2336
4544
3612
7161
1310
8657
6274
2386
2694
2858
2011
8283
7634
5215
4733
4026
5209
7365
3825
1030
5606
6617
4532
5514
5640
2899
3524
4013
5817
2272
937
8609
6571
6064
1764
3922
7488
1862
2014
2418
4262
3995
6501
5134
2821
6385
4359
3427
8730
6555
1778
6874
4929
9116
4135
6806
4122
1697
5574
6708
3564
5748
2318
7859
7134
3119
5633
3017
8854
8311
5776
6862
4614
2277
1005
5850
4099
3778
7608
7533
6566
7398
5690
4410
2366
2194
7218
1173
3820
4867
4898
8481
6024
5009
6898
4519
3869
3810
2673
8917
5209
762
9060
3587
4688
6786
6804
8185
5509
5798
2277
2376
7822
5873
4732
2999
8607
4732
7145
3919
3623
7291
5380
6487
5633
3194
8019
3432
2524
4370
6412
6796
3809
7859
6634
5909
6237
5392
2004
5156
8170
4478
4430
5606
6185
4687
6566
7201
5440
1276
7041
6191
6234
3764
4945
5441
8626
1693
5911
3597
2368
2506
6434
4776
6414
1426
7125
2972
4308
6211
9465
4777
3087
744
3779
7278
4307
8780
4754
6020
1653
1883
5376
6253
7970
4919
8200
1180
6416
3036
1169
2542
3448
5971
6395
7166
7641
1840
8294
1826
9542
5533
5647
7701
9047
8882
7497
4440
4235
5005
5252
8390
8247
6982
9438
4535
1415
5869
6186
3353
6412
7561
3651
6558
6960
211
6644
3813
8291
3137
7200
5787
2610
8384
5066
8953
4453
6390
1462
5823
2225
4176
2814
4065
1380
7610
7918
3734
6290
5229
2307
4976
6013
7479
5775
9457
4709
3875
4846
4866
4610
2982
3737
4688
6886
3843
4423
2187
3723
4886
2924
8280
6649
1376
4639
7949
6527
5565
4513
7792
2165
4870
8091
8148
4680
5957
3584
3178
3854
4323
4429
5321
1706
3366
8575
1040
4591
5193
2467
9750
1662
3176
6176
6510
5686
3787
2094
3586
6993
6396
6814
4482
5467
4952
5905
4584
4973
5659
3037
7374
5719
3834
5036
6634
4198
8324
6444
5208
7808
2922
2603
4510
6282
6578
6076
8306
3963
3025
6897
8133
7637
6479
3818
8795
1134
8189
5516
1866
7782
7900
6804
7719
6296
5111
7761
9454
1105
4868
6613
5466
7134
7740
3441
5959
1842
6792
4211
6045
6192
3111
6170
7713
5183
4281
395
4013
5793
1104
3539
914
4208
5466
6811
5581
6768
5520
2398
6155
2312
8119
8755
3055
7368
958
1697
4870
5694
4847
8742
8242
3927
3997
6994
4629
8102
2533
5263
5324
3973
1551
8703
2833
4760
5448
7565
5677
1434
737
5728
487
9156
3914
6476
4504
5659
2824
1650
3358
6971
4000
5757
2360
4196
7458
4735
5203
4625
565
5980
3244
2421
7164
5465
2154
4385
4801
4131
4745
7555
8934
7020
230
7559
3056
4385
8353
1166
2322
476
5920
3550
4007
6235
3128
6498
3951
4008
2789
4559
4210
2160
6314
3583
451
7914
4187
4692
2201
5191
5643
5044
2669
3839
3722
4458
8452
4456
4967
1614
4772
3981
5268
4019
5478
4804
4305
4779
5158
3257
1603
5429
4983
4844
3303
6413
6199
4097
4469
6068
5290
572
6233
5797
8290
5513
2989
6565
4544
7795
9329
3475
3731
1988
4949
504
6411
3266
7081
2030
3889
6317
5545
1651
3597
6452
4444
7634
7586
2818
4663
3697
826
6877
5367
1340
515
4966
3807
2752
4770
3758
1171
6376
2903
5827
2989
4709
815
5401
8450
7164
5596
2784
6577
7077
4757
5281
6960
6177
5661
4621
3961
4614
5437
4558
6082
2033
2199
2117
7149
5328
5164
5050
1072
2865
2584
1208
3260
3816
558
8342
3285
3641
4175
2686
2559
7343
1945
7677
2019
2978
6572
4480
5952
6662
7339
6254
5295
2733
6491
3046
5492
4404
3278
7339
5468
1981
3942
2122
5381
5141
1120
6810
6950
7455
6027
2096
1366
6812
3794
5509
2787
3463
6676
4607
3256
1480
3043
4335
5075
6715
8129
2382
9691
6132
3445
2545
4894
1956
4862
7704
8663
1174
3896
5921
5625
4312
4607
5737
7421
3197
4505
8529
4440
6707
1584
5461
7030
4106
7273
4185
4716
2840
8182
2717
2652
6199
4679
2891
5107
7079
2984
5642
4989
4279
5123
7302
5502
4241
2412
5959
5401
4649
6566
4214
2070
1575
6167
1466
8936
8557
5477
9218
5686
3375
3734
5945
4407
8014
3579
6088
3550
5191
616
6803
4839
4402
2581
7387
6071
2464
2316
3832
7630
5741
1905
5346
5227
4743
4966
4382
7270
1738
5249
5360
5483
5934
3823
1780
1843
4865
4719
3274
4131
6140
1019
4582
2996
4920
4719
2615
5588
4215
6060
850
8586
3251
6928
2075
3421
4330
588
4566
4836
7679
7000
5797
3545
7760
4366
7850
2757
5252
3227
7060
6638
6329
4318
7318
6181
5227
6357
3977
2884
7133
6452
8025
5338
4809
3586
6035
8037
6800
5625
5794
8221
4207
2886
6097
6055
6905
8421
8917
2588
6120
4894
5292
6543
4679
6041
2848
5662
1098
1746
8034
2006
5172
9425
5717
3652
4794
5359
4584
2721
3933
5382
1937
8438
4169
4843
5809
5256
5946
5349
927
7430
4979
7080
4973
3717
4521
1741
2963
3789
4947
1589
5566
4032
7103
8192
8521
1141
1446
5872
7250
3083
2705
6726
3734
5704
7641
2825
2259
2204
4917
5017
5157
4597
2736
6046
5219
6492
7905
5947
1507
8609
3781
4138
4652
5225
5928
5454
5523
5672
5417
2764
